100000110110000111110001111111011110000000000000000000000111
000000011000000011110001111111010010000000000000011111111000
000001001000000110000000000000010001110000000000111111100000
000111011000001010111110000000010000011111111111111011000000
101111111110011101110111100001100000000000000111111100100001
110110110011111100000011111111100000000000000011110000110001
111100110001111100001110000010000100000000000100001111100010
101000010010110111111101000000000100000000000100001111010001
000000011100010000000001000000000111011011001100011000110001
000101101100110001111110000000000001111010001111100000111001
101111111000111110000000000001111101111000001111110100000001
111100111000111111000000000110011001101100111111111110000001
000000110000111111111000000111111111111111100011111011000001
000000110100011000000100000111111011111100100111011001000010
000000110101010000000011011111100111101100100110001000100010
111100110000001110000011100011000111101110100110001000100010
101110100000000110000000111000000110101110100111011001000010
000111100000000011000011000000000110011101100011111011000001
110111000000000011000011110000100000011111111111111110000001
111000100000000000110011110001100000011011111111110100000001
110000000000000000011111101001100001111111111111100000111001
100000000000000000000111101011100111000110111100011000110001
101000000000000000000001011010000101111111000100001111010001
101110000000000011110001101000001101111111011000001111100010
101111101011100100010000000000001100001110001000000000110010
101101111111000100001100101011110001111110111111111111100010
101110011011000010001000101111100011001110000000001110100001
110101100000000011001100001011111110001111000000000000000101
001100000011000001110010100000001000000110000000000000011101
111100000111011100111111000000000000011110000000000000011011
111100000111101111111111000000101000000111000000000000111101
000110000111100011101100000011011000000110000000110000011111
000110000001100000001100000000100100000000011111001110111011
100111000001100000001100000001101000000000100000000001101111
101111000011000000000110001111101100000000011111111110111111
011101000011000000000001111110001000001100011111111111111011
100011000110000000000000000000001000011100001111111111100011
110000001110000000000000000000010000111000110000000000000011
100000111000000000000000000000011001101000100111111111111101
111111110000000000000000000000011111110011001111111111111111
101100000000000000000000000000000000110011001101111111111111
101011111111111111111111111111111111000001101110000000000000
101111111111111111111111111111111111110000111110000000000000
100000000000000000000000000000000000000000111110000000000000
000000000000000000000000000000000000000000010110000000000000
000000000000000000000000000000000000000000000010000000000000
100000000000000000000000000000000000000000000110000000000000
111111111111111111111111111111111111111111111110000000000000
000000000000000000000000000000000000000000000000000000000000
000000000000000000000000000000000000000000000000000000000000
000000000000000000000000000000000000000000000000000000000000
000000000000000000000000000000000000000000000000000000000000
000000000000000000000000000000000000000000000000000000000000
000000000000000000000000000000000000000000000000000000000000
000000000000000000000000000000000000000000000000000000000000
000000000000000000000000000000000000000000000000000000000000
000000000000000000000000000000000000000000000000000000000000
000000000000000000000000000000000000000000000000000000000000
000000000000000000000000000000000000000000000000000000000000
000000000000000000000000000000000000000000000000000000000000
